3712 100 0
83 86 12
77 15 41
93 35 38
86 92 18
49 21 33
62 27 39
90 59 37
63 26 18
40 26 43
72 36 12
11 68 39
67 29 40
82 30 24
62 23 31
67 35 10
29 2 30
22 58 49
69 67 15
93 56 40
11 42 15
29 73 35
21 19 23
84 37 22
98 24 30
15 70 34
13 26 23
91 80 37
56 73 36
62 70 22
96 81 31
5 25 48
84 27 17
36 5 15
46 29 28
13 57 17
24 95 30
82 45 17
14 67 44
34 64 38
43 50 42
87 8 39
76 78 20
88 84 32
3 51 13
54 99 33
32 60 24
76 68 33
39 12 32
26 86 29
94 39 15
95 70 38
34 78 14
67 1 28
97 2 42
17 92 34
52 56 13
1 80 48
86 41 13
65 89 31
44 19 12
40 29 35
31 17 29
97 71 11
81 75 32
9 27 47
67 56 19
97 53 12
86 65 14
6 83 45
19 24 32
28 71 39
32 29 26
3 19 42
70 68 21
8 15 29
40 49 26
96 23 36
18 45 45
46 51 40
21 55 47
79 88 42
64 28 20
41 50 12
93 0 21
24 14 45
87 56 28
43 91 16
27 65 35
59 36 24
32 51 29
37 28 37
75 7 49
74 21 49
58 95 31
29 37 31
18 28 38
43 11 32
28 29 25
76 4 35
43 63 27
13 38 47
6 40 24
4 18 44
28 88 32
69 17 27
17 96 15
24 43 40
70 83 45
90 99 42
72 25 22
44 90 43
5 39 27
54 86 33
69 82 37
42 64 38
97 7 20
55 4 47
48 11 36
22 28 45
99 43 21
46 68 15
40 22 24
11 10 12
5 1 46
61 30 45
78 5 25
20 36 27
44 26 27
22 65 40
8 16 12
82 58 37
24 37 30
62 24 18
0 36 23
52 99 12
79 50 35
68 71 20
73 31 42
81 30 23
33 94 45
60 63 14
99 81 48
99 96 22
59 73 29
13 68 35
90 95 42
26 66 39
84 40 24
90 84 20
76 42 26
36 7 36
45 56 17
79 18 33
87 12 38
48 72 14
59 9 20
36 10 46
42 87 23
6 1 30
13 72 36
19 99 17
21 4 17
39 11 16
40 67 25
5 28 22
27 50 10
84 58 42
20 24 24
22 69 34
30 84 47
92 72 19
72 50 39
25 85 45
22 99 23
40 42 10
98 13 22
98 90 15
24 90 32
9 81 37
19 36 17
32 55 48
94 4 23
79 69 25
73 76 23
50 55 43
60 42 21
79 84 34
93 5 39
21 67 34
4 13 14
61 54 18
26 59 41
44 2 13
2 6 16
84 21 16
42 68 17
28 89 17
72 8 40
58 98 31
36 8 41
53 48 38
3 33 33
33 48 22
90 54 33
67 46 46
68 29 23
0 46 46
88 97 44
49 90 45
63 97 25
53 92 11
86 25 35
52 96 30
75 88 26
57 29 49
36 60 23
14 21 37
60 4 25
28 27 45
50 48 13
56 2 29
94 97 45
39 2 44
28 3 24
0 81 11
47 38 42
59 51 31
35 34 10
39 92 25
15 27 12
4 29 42
49 64 13
85 29 27
43 35 46
77 0 28
38 71 24
49 89 11
67 88 16
92 95 10
43 44 46
29 90 31
82 40 11
41 69 24
26 32 11
61 42 20
60 17 15
23 61 17
90 25 47
96 67 30
77 34 12
90 26 11
24 57 41
14 68 39
5 58 37
12 86 15
26 94 40
16 52 30
78 29 28
46 90 41
47 70 37
51 80 22
31 93 25
57 27 40
14 55 40
12 90 21
12 79 10
10 69 46
89 74 23
55 41 17
20 33 46
87 88 11
38 66 38
70 84 47
56 17 17
6 60 40
49 37 17
5 59 14
17 18 47
45 83 47
73 58 34
73 37 41
89 83 40
7 78 17
57 14 30
71 29 27
0 59 22
18 38 12
25 88 39
74 33 32
57 81 43
93 58 26
70 99 45
17 39 10
69 63 48
22 94 35
73 47 14
31 62 49
82 90 31
92 91 19
57 15 16
21 57 19
74 91 12
47 51 44
31 21 16
37 40 12
54 30 26
98 25 16
81 16 16
16 2 23
31 39 13
96 4 41
38 80 46
18 21 43
77 85 48
36 4 26
76 83 12
7 59 13
57 44 29
99 11 42
18 5 27
63 49 14
44 11 10
5 34 22
91 75 47
89 68 49
93 18 39
5 82 43
22 82 48
17 30 12
93 74 12
26 93 14
86 53 21
43 74 46
14 13 40
79 77 20
62 75 48
88 19 17
10 32 26
94 17 15
46 35 22
37 91 29
53 43 38
73 28 19
25 91 14
10 18 36
17 36 27
63 55 16
90 58 31
30 4 38
71 61 40
33 85 41
89 73 35
4 51 41
5 50 13
68 3 32
85 6 40
95 39 35
49 20 25
67 26 30
63 77 37
65 60 19
36 55 34
70 18 49
32 96 15
79 21 16
72 27 19
34 40 46
83 72 23
98 30 27
63 47 11
50 30 28
73 14 38
59 22 39
47 24 37
82 35 42
32 4 17
54 43 46
98 86 40
40 78 31
59 62 35
62 83 31
41 48 22
23 24 20
72 22 14
54 35 25
65 47 34
71 76 36
69 18 10
1 3 41
53 33 16
28 6 30
97 20 10
84 8 32
34 98 21
91 76 47
98 15 38
52 71 22
89 59 43
6 10 44
16 24 39
9 39 44
0 78 22
9 53 27
81 14 25
38 89 41
47 23 11
87 31 33
32 22 37
50 31 33
94 81 46
81 3 14
82 81 14
87 15 18
96 25 24
4 22 10
92 51 25
97 32 48
34 81 36
6 15 18
57 8 39
95 99 42
62 97 38
54 77 31
9 87 24
32 82 41
21 66 29
82 11 45
85 86 13
85 30 14
90 83 39
14 76 42
16 20 41
92 25 43
28 39 11
18 43 16
82 21 34
10 55 44
37 53 31
8 22 13
83 50 27
57 97 27
27 26 18
69 71 24
51 49 27
10 28 24
39 98 24
88 10 43
93 77 23
90 76 43
77 99 11
57 66 44
52 17 35
41 35 31
68 98 18
84 95 42
76 5 22
66 28 29
54 28 37
8 93 25
78 97 33
55 72 26
74 45 49
0 25 24
97 83 11
12 27 42
93 34 23
39 34 27
21 59 36
85 57 36
62 72 30
41 16 45
52 50 46
62 82 30
99 17 19
54 73 23
51 64 45
90 63 26
91 72 16
59 28 10
71 80 19
90 41 49
70 52 36
65 11 44
61 83 30
51 12 44
0 6 28
38 67 42
64 89 23
32 54 15
4 75 49
79 41 39
12 38 23
69 36 48
70 56 45
44 60 24
49 14 32
65 14 10
83 39 41
69 35 18
52 21 37
93 90 14
89 9 14
64 35 33
48 95 34
77 13 15
33 98 38
49 55 21
55 93 31
68 56 37
60 33 13
23 86 32
71 58 36
77 40 40
45 81 19
61 90 49
23 50 26
0 54 37
75 64 33
42 24 32
59 19 43
89 44 33
69 38 21
51 76 48
83 19 23
33 43 16
4 56 23
66 11 38
67 12 17
92 29 14
2 68 46
31 2 36
74 7 10
18 16 42
83 77 11
87 72 35
73 57 40
62 25 39
33 97 38
96 18 13
41 53 18
26 74 42
80 93 36
85 48 45
5 30 24
29 59 37
98 60 36
19 80 32
41 2 24
10 80 19
26 83 14
89 40 49
8 23 34
38 57 25
10 20 48
5 90 40
13 91 24
38 70 13
80 43 28
24 88 23
69 32 17
73 30 16
33 63 49
87 79 10
94 49 41
99 51 42
39 64 27
42 30 31
86 15 31
49 15 15
86 81 26
11 34 40
33 87 39
22 87 12
73 43 27
19 42 13
54 44 31
24 39 45
59 63 36
18 53 46
12 69 14
5 4 32
33 99 37
34 19 31
15 35 40
87 53 35
69 50 13
87 2 14
37 62 38
89 10 31
5 60 19
4 11 38
3 16 29
92 21 18
22 5 38
43 79 20
61 28 10
78 47 15
0 45 33
82 87 23
89 86 12
53 26 10
48 94 45
36 6 42
7 92 44
17 64 14
21 20 37
80 66 26
94 54 49
23 37 15
33 84 14
17 12 46
9 65 38
56 8 41
69 45 19
95 22 28
71 95 19
69 59 22
1 76 24
40 25 39
43 72 43
91 89 33
27 66 27
78 12 22
50 96 33
24 33 47
13 86 25
94 68 25
15 41 44
42 39 48
37 63 38
13 31 39
28 57 40
4 71 26
46 83 31
38 25 35
95 40 22
21 72 18
26 34 43
58 25 22
45 72 24
46 39 47
11 83 10
3 61 44
25 42 30
16 39 19
74 44 22
96 30 39
67 94 31
19 60 36
50 92 29
32 76 16
79 90 19
53 35 38
95 98 20
7 41 42
37 70 28
76 40 35
84 1 17
83 0 22
92 9 26
96 40 37
39 63 11
35 4 16
73 6 45
64 23 24
51 30 33
39 4 18
2 25 25
79 91 18
47 7 22
84 31 31
61 19 15
31 53 22
94 19 25
43 81 28
23 68 23
87 39 37
43 38 17
88 94 44
20 80 15
18 52 36
63 98 10
95 10 24
5 79 17
42 66 12
72 78 48
53 66 35
97 48 38
47 72 47
16 86 39
12 59 14
32 3 26
35 51 33
7 98 12
49 54 22
61 6 47
34 3 28
25 84 22
28 97 22
15 60 36
85 97 34
0 97 35
8 29 34
49 13 38
79 34 10
16 14 12
85 75 11
30 26 37
92 16 11
29 69 37
52 9 34
66 15 30
95 33 29
28 76 48
47 13 37
26 0 31
62 86 38
29 63 22
0 8 11
97 16 27
75 82 43
44 40 15
20 26 44
18 65 26
94 99 10
34 46 48
8 53 16
62 3 20
86 42 20
32 34 20
7 10 46
34 69 36
96 15 46
84 96 22
24 82 16
65 51 46
16 61 24
43 37 17
87 61 26
2 81 26
60 88 36
79 20 10
41 93 46
24 28 15
35 8 41
62 42 25
70 96 28
63 66 29
11 0 29
90 50 30
93 33 47
39 80 22
94 93 27
13 54 33
82 44 31
75 23 27
38 51 31
51 73 37
68 81 37
13 83 33
35 14 47
64 69 26
46 7 19
40 11 43
23 87 38
57 36 25
93 39 32
81 20 45
14 71 24
71 18 48
96 34 21
83 64 10
67 97 40
0 67 49
74 35 47
33 90 31
57 32 24
49 29 25
23 90 43
92 47 43
35 22 45
40 68 32
43 55 47
39 66 23
25 36 47
53 60 28
52 20 32
57 4 28
87 83 15
40 21 12
26 97 43
5 27 45
78 28 28
69 70 44
27 98 30
20 63 48
21 60 11
83 16 12
67 23 43
82 92 17
11 35 42
53 63 14
8 62 17
68 95 33
9 73 45
3 87 46
23 29 46
96 44 19
42 80 13
12 9 31
55 47 44
54 66 41
34 59 13
81 42 42
73 1 14
13 58 10
84 55 20
23 3 28
0 20 20
0 42 18
52 12 30
4 7 13
59 58 13
25 94 40
17 58 39
36 90 33
60 26 39
37 65 40
48 21 28
20 9 32
63 0 47
32 86 20
4 33 29
58 56 46
27 10 35
68 31 24
69 28 34
41 46 32
74 58 26
5 10 38
1 65 13
89 67 20
32 38 29
99 5 49
0 62 44
48 61 25
17 7 41
69 97 47
85 92 35
54 33 12
7 43 15
0 50 16
21 85 47
88 20 10
90 40 38
34 47 29
25 83 33
61 94 19
91 63 19
54 38 43
42 92 42
30 22 49
34 85 14
8 94 13
80 8 45
45 84 39
25 57 27
35 2 30
92 48 13
96 86 35
30 40 10
12 56 49
89 54 46
28 82 29
57 88 40
76 37 32
5 14 36
23 69 31
36 15 29
17 84 21
53 99 25
24 54 26
50 36 19
10 92 15
42 58 18
41 21 48
11 69 34
10 60 42
90 2 17
16 89 43
81 39 27
6 75 41
1 11 42
74 78 31
65 77 44
66 76 30
69 61 13
34 33 14
36 27 42
6 99 48
60 39 39
70 67 42
8 67 47
77 66 27
36 35 13
93 37 37
46 19 10
40 17 39
95 74 11
2 8 21
90 47 10
61 76 26
95 63 30
35 31 20
0 88 31
61 96 38
74 1 10
14 69 15
28 16 22
52 82 49
25 82 41
33 2 40
77 23 33
60 46 25
99 47 13
28 49 19
99 28 45
89 13 16
76 63 23
66 90 29
84 94 15
76 84 13
71 9 21
38 0 44
84 39 22
90 35 24
75 50 24
81 26 14
50 62 13
64 79 25
58 53 26
44 34 46
77 5 41
42 34 38
72 65 48
65 32 15
49 7 26
67 76 40
58 1 12
2 60 31
63 82 31
38 27 43
14 96 21
33 58 14
69 7 11
59 27 24
95 1 24
13 67 38
18 60 23
29 35 29
92 31 18
43 12 28
7 53 24
13 62 29
13 28 14
96 51 37
56 10 36
99 41 28
69 81 41
8 82 31
4 26 43
14 87 49
64 57 27
51 24 27
10 64 37
38 23 17
26 1 32
45 25 46
94 66 47
6 89 34
56 47 27
95 26 21
84 3 20
60 40 30
82 55 25
73 48 21
5 46 44
66 67 31
63 4 49
90 8 49
90 68 11
61 35 17
1 51 19
44 10 17
51 91 29
88 35 24
47 48 44
56 0 47
29 51 42
49 60 28
1 64 28
64 43 28
11 33 27
42 56 38
58 10 45
28 46 47
97 75 45
94 24 19
56 50 35
53 19 35
71 55 43
80 24 12
19 96 38
67 44 45
3 30 32
86 70 13
94 45 16
58 52 18
8 86 27
98 5 48
13 44 18
30 21 20
58 0 47
7 58 27
53 79 27
7 72 26
75 10 33
2 4 14
8 40 23
26 2 26
6 46 32
23 4 34
51 37 36
1 33 41
10 48 22
92 69 31
0 71 30
50 8 49
81 56 40
28 62 15
51 83 26
18 59 25
23 45 49
14 61 14
82 72 13
7 57 31
29 11 10
94 30 11
78 37 32
26 78 27
60 28 49
82 65 32
39 33 29
48 58 47
44 23 41
85 89 46
83 44 15
46 12 25
50 20 42
50 49 29
56 37 33
42 41 16
58 54 45
9 58 19
64 54 48
81 19 17
60 99 32
63 6 20
63 18 16
70 1 14
77 11 26
17 55 25
79 83 21
79 89 25
37 89 29
47 53 24
95 80 39
24 11 21
99 84 26
11 14 13
43 26 30
84 42 25
32 7 35
18 25 49
41 31 14
63 10 26
86 94 38
35 83 20
15 13 33
17 14 30
98 80 31
80 41 16
6 64 37
35 38 26
23 31 17
52 42 27
9 45 25
25 24 39
56 63 29
71 2 23
80 6 43
85 91 45
44 56 38
88 61 15
79 48 13
18 66 10
38 42 21
50 42 34
84 59 21
35 96 37
24 6 37
98 56 42
13 35 45
47 54 14
62 44 41
10 2 49
40 51 22
86 71 29
99 4 11
84 82 46
43 86 42
68 19 32
92 18 44
76 57 29
53 75 40
63 15 12
19 25 38
69 77 15
32 31 33
0 22 17
20 46 29
13 56 19
29 64 45
44 94 17
18 72 24
4 72 40
47 67 17
39 19 35
93 9 24
48 54 21
70 28 15
59 50 43
29 31 13
48 42 10
88 77 39
6 68 36
54 8 41
69 98 11
70 7 16
26 3 43
40 71 39
64 88 40
16 76 25
41 27 34
78 22 19
65 99 48
67 58 28
32 88 39
76 30 13
51 72 11
44 6 46
80 22 32
93 49 12
38 58 33
49 58 32
20 74 26
58 14 23
14 62 31
39 56 44
15 34 29
57 60 42
35 7 41
46 64 22
83 55 37
3 37 41
33 42 11
48 83 24
0 68 32
16 46 45
21 42 22
43 75 17
77 10 34
70 97 12
93 17 25
24 17 10
66 58 13
59 66 23
93 59 28
86 9 42
57 35 26
46 30 22
95 2 30
17 16 41
96 13 24
92 74 14
23 6 15
60 94 33
3 6 27
63 17 28
34 52 19
18 42 47
92 2 21
44 87 10
4 61 11
56 1 40
26 48 33
54 39 13
96 9 14
45 11 47
26 80 48
2 12 26
32 52 15
57 3 24
46 61 28
60 50 30
27 52 25
53 71 31
40 57 35
84 48 35
48 37 15
77 61 43
63 74 39
54 26 36
78 64 34
77 2 46
27 4 40
54 80 31
75 46 29
90 60 17
94 0 10
23 42 30
90 88 46
49 12 13
93 25 30
51 60 48
24 29 43
59 2 13
6 37 43
67 34 48
36 9 10
9 69 33
25 51 16
70 58 47
85 64 47
64 86 27
52 3 27
32 27 14
30 67 40
66 37 12
71 92 40
75 55 46
73 77 46
57 59 21
93 92 32
50 57 22
78 2 17
60 47 14
31 44 44
26 61 28
11 92 21
77 21 36
60 71 48
90 87 10
79 80 39
87 86 20
79 13 48
63 36 24
24 9 15
28 74 33
29 27 22
58 60 16
71 84 16
73 35 21
3 58 45
45 15 45
82 88 38
47 0 23
55 62 10
36 31 28
71 17 17
76 87 32
17 34 24
99 40 45
70 72 43
27 51 38
96 82 18
10 94 11
98 92 42
82 53 44
53 2 29
47 52 46
54 55 22
14 91 20
86 38 46
22 34 11
37 44 30
7 65 36
96 55 25
47 6 28
49 97 19
2 3 30
38 50 26
55 92 17
5 21 33
35 91 21
11 95 12
88 39 21
83 23 34
58 26 12
2 65 31
91 50 34
20 90 34
88 58 38
57 90 29
61 95 28
40 97 26
41 75 29
44 58 21
52 33 19
16 10 15
59 70 32
72 0 47
40 80 27
74 80 34
38 31 43
71 99 20
79 63 47
61 12 21
46 54 28
28 87 25
95 96 22
50 54 40
66 29 41
56 38 29
29 96 23
18 55 12
87 0 31
7 18 34
15 78 29
5 17 34
22 85 47
57 69 13
81 7 10
23 99 35
36 79 24
89 18 20
27 7 12
15 12 36
8 74 31
4 19 13
56 46 41
55 39 46
6 12 10
8 28 19
97 65 30
97 30 35
29 61 21
3 18 27
31 83 46
77 56 39
91 44 42
69 52 18
70 51 29
28 26 33
23 84 37
72 30 42
75 79 28
59 91 10
49 9 18
73 74 47
35 37 34
72 66 16
20 1 42
74 11 27
45 43 41
15 67 16
47 43 37
93 22 35
80 17 42
96 98 11
91 8 38
89 93 26
17 62 47
67 50 30
16 54 35
87 40 27
72 59 15
5 89 46
82 50 37
63 14 43
21 16 28
58 41 29
20 25 43
91 88 47
79 31 45
28 51 30
90 69 32
97 13 23
66 95 23
0 85 40
1 79 20
38 77 39
37 96 38
18 57 12
73 62 16
45 4 30
49 5 10
73 81 44
77 91 15
64 30 35
22 55 37
8 60 36
51 26 11
40 15 34
81 33 16
92 89 28
69 39 43
46 70 22
96 94 16
23 70 30
75 14 47
5 38 34
95 21 10
76 77 41
29 80 24
55 99 45
57 96 13
81 58 46
79 2 18
49 25 26
24 46 28
16 47 20
51 18 16
16 98 17
68 16 14
66 49 22
96 21 29
48 5 14
69 66 48
77 75 26
5 26 31
53 30 35
29 88 12
18 76 24
61 86 11
23 94 11
70 89 34
62 96 45
24 32 23
35 40 41
18 0 25
22 43 20
25 4 17
47 1 17
78 8 43
87 4 31
2 66 44
50 58 47
98 37 19
50 98 44
98 4 23
12 76 38
8 47 46
78 55 29
49 8 37
64 77 10
51 15 34
9 54 16
14 12 47
90 70 32
68 41 24
7 71 20
39 89 18
93 4 19
17 53 35
8 52 11
55 23 20
41 72 19
1 92 46
39 62 33
26 19 42
16 69 14
89 84 35
10 49 10
55 1 13
42 83 29
3 12 31
88 7 40
11 96 18
11 19 33
91 24 26
87 43 31
36 65 21
62 52 23
89 96 43
96 92 40
29 99 23
86 37 27
74 77 46
66 96 12
49 0 49
86 30 12
90 16 23
82 46 49
14 51 21
14 52 40
40 41 11
64 90 31
86 72 49
62 87 39
72 97 46
25 21 42
89 60 43
20 76 32
42 10 34
92 24 39
9 29 43
69 75 15
80 83 29
27 20 11
74 88 30
99 80 45
25 76 24
82 51 41
98 71 10
63 70 17
47 57 31
32 91 24
34 41 34
21 3 19
16 53 18
38 96 26
5 52 22
95 36 31
58 20 25
12 92 33
64 38 21
32 63 18
48 65 47
7 82 13
58 28 48
37 27 43
33 75 37
23 59 33
90 28 17
11 46 21
85 95 22
72 32 42
31 82 18
5 96 33
75 28 35
58 39 39
19 43 21
54 67 10
60 61 22
41 38 21
13 20 17
86 56 44
1 98 27
2 38 42
56 28 45
25 31 28
22 79 18
30 77 49
13 32 49
37 10 25
7 51 25
83 93 13
43 9 34
26 89 22
35 49 48
18 91 24
77 95 15
17 13 35
74 16 39
55 65 15
15 68 46
49 53 44
79 56 47
56 14 46
1 15 27
50 97 33
38 11 35
26 8 30
2 55 33
3 77 48
93 85 34
75 11 32
27 6 34
74 67 11
67 77 16
5 24 21
72 60 29
79 27 16
37 25 21
9 95 21
52 57 32
1 27 36
60 20 16
56 31 48
12 70 40
49 32 14
16 66 14
97 4 37
81 63 31
71 54 43
75 87 42
33 65 19
70 11 37
5 68 32
46 17 15
60 92 47
33 91 15
97 37 41
88 80 27
34 28 30
59 20 31
1 29 11
19 92 12
70 80 15
9 47 45
39 3 19
3 88 26
40 93 16
87 81 25
25 41 29
21 63 19
32 67 39
44 15 47
69 46 25
90 14 29
21 27 37
9 30 21
31 80 33
4 3 17
15 56 42
75 17 27
14 45 41
63 58 11
24 7 46
89 8 23
61 17 17
15 75 43
30 57 20
92 41 40
38 85 13
77 72 40
42 6 21
82 91 14
86 50 35
18 9 26
22 48 41
78 79 36
64 15 34
7 76 48
79 85 43
75 95 14
12 57 17
17 86 33
41 3 43
72 49 25
18 97 44
55 11 31
4 15 36
47 27 28
88 17 30
37 74 21
87 41 37
77 28 21
96 1 22
30 88 33
3 10 27
0 55 21
64 72 27
85 37 37
73 68 11
79 61 30
61 9 20
89 57 22
10 19 26
46 66 37
82 78 30
88 41 10
66 25 23
5 7 47
84 69 40
31 69 16
59 4 11
89 90 39
78 6 31
85 68 44
54 51 14
21 0 26
4 62 17
95 35 33
31 6 36
40 20 29
49 57 44
23 0 23
16 32 41
14 95 16
90 42 46
79 60 18
97 38 28
89 31 15
78 81 37
4 79 21
91 27 27
79 7 39
11 94 34
54 2 44
88 14 26
29 3 46
79 8 44
60 75 39
54 10 43
14 78 26
64 14 38
50 53 36
87 54 15
59 78 11
33 38 23
37 45 20
84 44 19
99 73 22
46 49 43
59 32 45
79 23 42
29 97 37
9 16 10
3 20 33
46 36 35
58 83 39
20 37 33
13 48 45
27 2 44
91 73 12
3 9 17
25 63 22
42 4 42
38 93 33
85 19 48
42 46 18
87 45 29
66 33 34
81 77 40
69 15 15
99 92 10
40 65 20
14 31 41
92 15 15
33 86 21
72 23 46
79 57 17
4 82 23
18 22 19
68 52 10
99 89 10
19 71 11
44 49 29
38 34 11
69 74 26
22 39 47
57 93 40
45 13 41
66 64 42
83 17 26
60 80 43
66 86 49
33 68 38
91 3 27
94 71 32
4 78 36
46 78 36
71 79 44
93 99 20
55 19 18
34 91 49
97 89 12
58 37 28
85 4 32
31 46 18
46 96 39
67 45 29
91 67 25
63 88 44
23 58 30
98 6 18
61 41 45
18 26 31
80 37 37
45 65 46
53 5 47
70 24 26
24 69 28
33 47 30
27 31 19
78 10 44
57 58 23
36 75 10
85 58 25
3 65 33
47 29 25
94 37 11
92 23 19
39 51 19
3 96 14
9 91 27
49 78 10
11 97 16
59 53 37
90 53 24
42 96 16
72 33 26
94 77 35
79 92 32
67 82 21
40 28 15
74 15 40
45 34 48
72 5 36
39 14 19
10 34 44
10 15 25
23 35 36
0 82 14
53 94 37
60 96 37
12 11 48
57 31 43
16 34 37
66 12 15
86 77 26
44 21 12
91 16 49
85 24 27
81 49 13
80 81 45
68 47 44
73 87 45
11 59 11
57 87 23
33 49 20
78 99 10
68 77 31
89 0 45
60 73 32
94 18 42
19 20 43
8 65 14
17 6 32
29 14 21
28 81 15
74 18 26
43 76 29
56 55 33
94 87 22
44 4 16
19 66 20
22 63 13
21 78 49
5 64 40
55 61 18
71 11 25
13 16 42
87 32 17
4 14 42
21 99 38
55 30 12
91 26 28
96 65 33
16 37 46
3 89 41
5 23 43
22 77 46
83 15 23
83 88 31
29 56 20
39 82 47
12 65 24
21 9 16
0 1 30
62 46 27
43 36 13
75 29 38
80 86 46
18 15 29
26 99 43
81 46 13
55 45 31
63 68 46
35 58 44
87 59 21
65 67 46
34 7 20
38 15 46
61 78 14
74 24 44
48 1 34
55 58 48
96 90 15
31 30 17
97 21 36
18 6 46
75 31 43
41 10 24
69 40 11
0 65 16
66 74 26
35 27 41
37 83 22
32 68 24
65 29 13
41 63 39
31 64 28
22 49 41
70 49 36
17 15 47
81 93 26
17 47 31
26 55 28
47 64 22
84 56 25
71 45 32
42 45 19
94 65 27
95 27 28
72 89 15
2 89 22
59 86 44
80 77 45
42 9 27
75 37 11
54 22 24
2 1 15
49 26 36
67 48 38
13 92 17
87 51 42
80 46 47
32 66 40
77 26 14
26 17 21
35 28 43
43 78 44
31 11 39
89 12 26
87 96 22
35 52 28
4 70 43
17 74 43
2 46 47
53 29 47
50 16 18
76 88 21
40 54 16
92 30 36
18 31 39
84 19 13
76 59 40
49 31 33
57 2 41
60 59 17
71 75 26
73 45 15
38 1 22
86 31 45
13 73 43
62 91 21
79 98 37
82 66 40
16 84 11
97 73 42
86 10 44
84 9 36
85 73 28
18 11 33
70 57 13
12 8 40
88 68 12
39 1 46
93 53 33
44 24 41
84 93 43
64 18 41
2 9 44
57 41 42
15 21 19
67 37 33
30 32 37
46 18 49
52 85 48
90 67 28
70 41 48
76 45 16
76 79 33
27 74 13
32 77 11
37 30 19
47 89 24
87 5 31
38 9 41
98 17 18
15 84 23
12 91 35
81 40 44
26 46 41
88 81 19
16 27 39
38 6 31
36 88 13
75 3 35
24 87 46
46 57 36
97 54 21
11 88 29
22 11 30
9 83 13
82 13 39
94 20 45
72 53 40
54 21 30
67 93 35
2 28 11
35 10 29
46 43 41
48 66 34
62 68 32
24 41 35
80 15 43
43 68 38
31 98 16
53 6 35
82 27 46
24 31 21
46 91 20
24 3 33
64 87 44
23 89 21
86 76 22
96 78 25
76 39 16
47 36 40
79 52 13
31 19 42
44 77 11
62 69 32
49 65 22
32 43 46
73 11 21
38 29 49
43 94 28
24 18 42
60 56 34
97 68 29
64 65 21
69 58 18
60 1 46
34 27 35
22 46 43
5 19 39
54 68 23
4 49 41
62 60 16
40 86 20
95 76 12
7 63 19
78 51 35
73 0 46
80 36 30
38 20 39
23 17 13
21 70 29
33 40 29
3 66 16
23 85 21
39 20 22
74 12 30
47 96 26
90 27 10
85 81 42
50 73 25
36 93 21
56 92 26
8 99 42
65 35 40
64 12 29
83 54 10
91 68 36
28 38 14
34 36 35
26 23 18
15 93 27
16 60 26
76 27 16
63 40 29
40 98 20
47 31 25
34 12 46
18 49 48
57 72 38
80 73 36
84 0 11
23 66 17
97 60 47
8 81 49
92 49 28
27 70 20
95 28 29
27 40 36
81 53 12
27 68 13
44 53 12
64 73 23
45 20 21
51 41 36
84 29 46
1 71 32
41 96 36
53 85 32
49 74 36
93 42 21
53 96 32
83 85 46
95 57 29
77 43 39
5 61 17
25 59 39
84 63 14
36 33 14
10 96 37
29 72 42
2 34 32
69 37 30
19 64 41
7 52 29
61 32 21
95 94 20
84 75 31
58 68 32
91 20 46
27 45 34
91 29 36
98 83 40
65 59 47
23 40 39
43 42 26
23 19 43
71 66 22
85 18 44
32 28 18
48 63 40
80 63 47
3 46 40
22 71 28
39 97 26
19 82 21
39 32 28
37 14 15
51 9 18
12 81 32
98 12 34
79 10 10
58 12 14
25 13 46
85 84 42
82 49 25
10 73 17
81 47 44
78 53 47
3 82 40
44 41 32
54 57 31
70 91 18
93 48 15
19 75 20
98 29 39
16 85 23
85 76 46
50 89 11
59 33 10
76 3 14
73 32 34
25 6 47
25 54 36
39 65 44
36 30 24
58 24 48
84 64 22
34 9 21
51 57 16
52 23 36
61 92 46
48 75 48
43 15 32
59 47 34
62 61 32
46 27 48
89 48 42
66 81 18
93 63 37
95 41 24
9 15 33
79 68 18
62 10 32
18 90 38
25 80 20
98 47 21
86 27 43
94 82 16
5 3 15
49 36 43
23 12 20
98 41 31
2 75 41
73 5 39
91 54 25
57 77 47
81 83 37
47 40 30
60 67 18
93 52 35
86 91 16
27 67 46
60 54 25
59 80 39
71 15 31
94 42 40
10 40 29
46 44 15
80 85 48
35 75 16
42 73 29
91 55 31
27 43 16
23 60 11
53 65 11
64 71 26
80 47 14
25 3 37
22 98 33
72 2 19
55 13 30
25 46 35
23 53 32
7 37 13
61 47 24
41 29 40
84 20 10
65 13 43
41 20 20
79 47 19
57 67 28
69 89 26
60 34 15
27 97 36
50 44 47
82 68 28
57 23 26
56 91 26
40 36 33
65 50 24
64 93 24
10 98 12
61 20 38
21 1 30
65 31 45
29 77 39
27 44 47
31 60 10
70 25 26
98 44 30
89 11 11
12 50 39
31 85 47
8 92 34
93 91 42
52 15 22
98 67 24
34 90 43
58 46 15
33 51 26
44 73 44
35 24 26
9 77 42
86 74 41
86 58 12
23 36 32
83 60 20
36 42 28
8 69 40
45 52 35
77 36 34
65 95 15
7 54 38
13 46 22
51 85 35
69 49 25
62 64 44
30 91 32
19 41 25
29 10 12
35 42 44
99 69 19
33 17 33
87 84 42
46 4 35
51 50 26
51 75 46
37 34 41
18 56 11
41 85 43
27 11 17
97 86 37
89 95 19
83 2 41
82 16 28
62 38 13
23 30 23
32 2 30
93 82 31
15 25 14
68 65 16
49 6 48
62 15 19
55 46 36
17 38 20
0 76 36
45 10 11
20 15 46
66 43 19
98 51 19
33 61 41
78 85 45
10 39 28
0 44 24
73 90 29
34 70 13
85 67 32
79 51 25
10 0 44
5 88 25
3 22 11
86 28 43
12 21 12
76 35 20
80 78 34
1 37 31
50 6 24
77 87 48
26 57 11
15 5 37
32 19 44
99 49 17
62 20 35
98 55 45
44 25 35
57 45 38
62 7 31
4 92 37
49 62 26
87 34 32
60 3 46
48 44 17
15 73 28
38 7 16
22 52 32
14 42 39
87 66 19
83 43 46
58 30 47
16 94 45
48 91 22
31 16 48
23 91 38
73 3 24
50 19 18
13 84 14
40 0 45
50 24 24
19 98 44
34 65 39
2 51 12
63 94 38
53 36 38
97 3 29
62 12 33
36 68 24
42 97 17
62 94 47
79 73 43
97 25 34
20 66 29
90 97 31
8 32 33
46 1 39
33 44 37
17 0 47
12 5 29
36 44 46
61 74 44
31 90 18
44 3 33
1 69 16
18 99 16
70 78 13
70 45 22
45 80 16
16 49 17
85 47 10
92 81 31
21 37 12
61 67 39
41 23 25
68 72 40
80 56 19
54 20 44
54 76 16
57 62 33
67 72 44
62 90 13
1 88 18
16 93 20
81 84 24
65 61 39
92 0 43
3 59 14
83 41 26
38 48 41
34 55 33
8 70 14
6 29 27
39 35 33
58 62 37
90 85 25
45 96 39
9 94 32
99 48 37
63 71 45
94 78 40
96 73 37
89 52 18
74 96 42
87 97 18
94 34 25
79 32 24
14 77 28
28 23 12
23 80 22
24 4 43
89 87 46
0 35 17
6 71 12
67 36 16
56 90 32
68 80 41
94 58 41
19 22 36
47 3 10
78 88 32
19 0 11
89 66 14
98 23 41
97 61 34
64 53 34
5 2 16
18 48 15
6 62 16
77 78 44
20 77 42
87 38 46
41 77 23
96 59 11
73 55 30
32 36 24
40 4 18
94 2 37
59 14 34
83 21 20
90 51 49
40 46 19
61 52 16
12 44 17
88 96 21
45 46 14
19 33 31
96 20 45
66 22 38
29 19 17
9 48 37
97 51 20
88 4 10
72 28 41
2 85 44
32 15 26
82 60 17
7 39 10
85 36 31
24 86 24
43 48 36
66 98 23
34 99 12
5 33 42
72 81 16
27 71 33
55 6 16
0 14 25
92 5 20
69 72 32
20 89 35
25 32 11
64 97 41
59 37 34
99 20 10
2 30 45
39 74 30
19 17 31
14 66 32
2 99 18
51 88 38
28 91 19
35 68 21
38 68 30
50 26 42
66 41 15
0 37 46
47 28 10
16 35 47
32 14 27
81 22 16
34 48 34
84 2 33
82 85 18
17 70 26
7 16 39
98 2 33
53 46 24
34 86 46
20 68 35
27 23 46
51 63 24
25 33 37
64 13 37
79 28 40
96 76 37
44 30 32
12 93 12
86 47 11
86 1 14
33 45 21
49 56 39
85 87 15
11 32 24
58 4 12
50 4 48
61 36 21
3 99 48
90 86 40
84 86 18
72 76 18
14 60 46
56 64 34
26 96 33
28 12 46
2 70 10
47 4 14
84 46 30
6 66 16
21 69 11
83 8 15
9 11 12
21 32 17
43 92 34
3 42 40
88 40 47
91 94 14
15 89 14
35 77 49
15 19 15
82 59 11
9 57 12
22 75 36
62 26 16
73 7 18
17 8 38
82 70 14
4 9 29
45 30 29
48 87 36
45 51 30
74 71 29
93 61 32
91 36 46
8 97 12
8 5 29
30 68 47
52 31 48
66 97 41
74 9 45
50 64 41
78 92 46
16 25 48
21 7 48
13 22 23
29 74 30
92 62 45
27 58 27
59 61 34
70 88 45
2 40 32
84 80 35
80 0 39
6 54 10
76 36 34
46 48 48
51 31 39
73 95 30
24 60 27
0 57 10
30 39 17
56 76 39
14 27 29
38 59 39
85 59 36
82 20 23
3 11 10
91 60 25
4 31 13
91 10 41
74 57 20
55 85 45
13 99 30
42 20 10
47 76 43
36 22 43
33 26 30
34 1 39
95 42 20
86 63 47
13 0 26
34 74 34
40 62 32
78 84 47
60 22 34
48 86 48
47 95 45
20 23 15
19 6 29
24 13 15
87 65 47
76 38 36
76 6 44
23 13 18
84 35 25
81 35 22
75 80 23
31 55 18
17 41 37
95 62 27
69 19 49
32 9 40
48 39 22
58 40 29
40 39 40
75 67 47
22 37 22
26 65 13
44 22 36
27 13 24
93 2 10
11 25 44
34 18 40
10 4 24
71 56 42
93 44 17
43 71 23
45 88 29
53 38 22
65 4 42
74 75 34
22 51 12
85 66 28
62 93 21
32 99 20
11 37 35
8 45 33
12 73 34
1 75 35
25 28 13
64 82 11
0 86 35
68 66 43
54 63 15
55 8 46
5 81 25
88 59 12
8 14 19
45 36 28
74 46 31
13 51 25
68 93 20
83 78 17
5 84 16
16 79 27
91 45 49
82 95 15
74 50 40
7 86 29
68 59 19
50 94 24
16 44 45
27 73 21
52 64 34
12 22 16
74 62 32
81 13 11
72 16 40
47 93 16
72 15 37
15 54 43
95 30 49
4 17 22
22 38 28
43 40 14
77 90 18
33 50 35
5 37 16
8 41 19
66 17 46
25 65 29
32 0 27
91 6 16
64 96 37
36 94 25
86 69 33
68 49 36
43 5 30
45 68 15
1 24 47
18 83 39
58 34 29
31 94 43
28 17 11
13 74 13
53 34 41
76 92 33
62 71 15
42 89 31
8 13 31
38 4 42
83 67 16
74 51 30
91 39 46
26 45 34
89 36 34
96 16 46
99 57 20
77 7 32
23 11 16
39 6 16
26 16 44
3 31 33
94 51 14
91 47 31
79 82 48
57 78 38
95 55 49
73 33 20
74 19 43
87 18 47
52 72 49
95 79 15
6 69 32
98 52 10
75 30 18
27 42 23
84 53 25
85 54 15
52 0 37
71 77 46
83 3 39
79 6 43
82 33 18
88 93 35
46 63 20
51 67 42
1 32 32
35 44 30
69 30 17
92 52 30
28 19 28
65 46 11
1 4 45
31 70 32
34 75 32
82 86 35
76 99 12
18 12 23
52 76 45
22 33 38
55 7 12
74 42 44
62 67 43
43 95 26
84 66 37
80 57 43
56 11 40
14 86 12
12 30 49
91 71 19
42 28 41
8 98 30
28 92 12
73 40 49
66 24 48
17 21 22
67 92 34
16 6 22
75 66 34
35 59 33
61 15 42
52 86 44
55 27 34
80 21 37
34 95 19
26 41 48
10 87 14
25 64 21
41 11 13
38 44 49
33 18 49
65 28 16
33 71 35
63 61 34
89 7 32
2 64 22
84 11 28
86 68 14
17 1 17
29 12 19
95 86 23
52 13 48
44 42 31
3 98 18
15 0 39
72 1 29
79 67 22
55 33 23
19 8 41
46 76 39
88 72 46
59 54 25
31 63 33
35 98 22
96 7 44
99 75 42
27 87 12
97 82 48
90 74 46
47 49 16
88 15 47
65 92 37
20 65 22
20 47 33
81 24 22
38 24 36
93 19 37
33 8 32
34 30 41
22 41 44
8 9 33
80 61 14
79 9 34
94 90 14
63 75 14
81 98 24
86 18 34
79 65 27
78 73 37
20 57 17
94 83 16
5 70 26
32 6 33
5 6 39
12 0 38
47 74 27
43 59 24
48 32 33
41 67 26
5 57 20
84 10 31
64 68 15
57 17 39
87 16 35
88 52 38
19 78 43
22 24 21
86 99 18
16 11 25
60 81 12
36 87 12
55 9 40
6 92 49
39 8 37
1 99 45
89 32 13
56 53 11
42 16 21
84 7 22
67 10 30
76 75 28
39 73 28
6 94 38
53 12 11
21 86 18
30 8 27
43 16 21
16 48 24
21 98 42
54 69 37
81 65 26
38 73 23
19 76 42
38 3 15
49 3 48
25 73 23
8 31 49
18 14 11
70 32 31
18 35 16
67 49 46
20 8 25
25 39 47
54 56 45
81 61 44
21 93 34
52 77 40
39 57 37
60 66 45
89 30 13
56 59 18
35 30 23
55 5 31
27 24 46
44 39 17
48 52 31
80 97 15
61 39 28
91 49 37
12 96 39
2 67 47
1 35 13
11 50 12
53 55 31
9 88 11
60 52 42
54 62 36
28 45 42
12 40 36
7 95 17
53 13 48
15 47 32
52 28 25
73 71 37
23 10 19
87 80 19
56 23 21
76 10 41
33 56 47
10 8 48
33 70 44
55 81 15
64 55 14
12 55 18
27 77 43
1 52 21
85 98 31
35 86 41
16 36 31
96 8 19
54 1 30
20 92 20
73 84 14
99 0 25
61 2 41
33 67 15
93 69 49
70 74 28
21 29 47
75 40 35
77 55 27
37 71 38
36 38 49
78 86 42
71 32 17
64 44 18
64 8 12
82 83 29
70 36 10
59 55 41
15 91 19
96 80 36
92 45 46
32 40 23
33 29 36
64 7 31
98 32 26
11 2 18
91 21 14
2 37 47
43 6 19
55 24 35
40 45 17
11 58 15
93 28 42
70 44 41
6 57 13
70 98 41
54 81 19
40 24 10
92 26 19
78 62 28
70 79 30
34 29 18
86 2 21
38 75 38
22 56 19
67 52 15
56 95 49
87 37 19
1 7 46
72 80 18
91 1 37
46 52 34
47 22 32
51 48 24
18 61 47
54 41 48
15 53 24
88 23 12
13 18 38
90 72 25
97 77 37
80 4 37
39 77 30
29 0 29
17 54 28
2 22 33
41 78 12
76 23 29
43 90 26
52 80 13
1 97 48
10 13 46
42 22 22
48 14 11
39 29 26
47 71 31
20 51 16
71 46 25
48 60 32
8 42 44
78 91 34
15 79 19
70 50 28
41 82 48
52 41 25
42 26 25
37 33 46
14 99 39
92 75 27
97 41 26
77 25 14
28 50 46
20 64 14
8 24 27
30 49 17
23 82 32
18 95 10
10 21 12
86 36 44
19 79 18
75 16 15
65 16 42
96 28 15
84 72 19
21 76 35
0 79 23
83 91 32
8 58 41
43 20 39
89 82 14
2 0 27
24 93 15
28 98 16
22 29 45
76 50 13
81 37 23
28 53 12
74 99 49
81 17 13
71 67 22
52 29 18
69 76 49
13 2 10
7 91 22
77 60 26
6 11 18
27 93 36
38 14 19
88 92 12
53 76 30
71 30 27
3 74 17
92 54 14
7 30 24
36 29 27
47 45 39
91 65 38
68 17 49
66 36 22
7 29 19
95 87 46
29 50 39
71 78 24
43 34 44
53 14 26
50 81 27
18 62 17
85 8 29
17 20 18
0 28 12
58 99 33
10 17 26
31 66 44
80 3 33
58 29 38
24 75 12
49 24 33
85 62 17
16 95 21
31 26 35
10 14 29
30 74 31
98 61 43
11 72 34
49 2 37
63 67 12
53 4 15
66 5 25
38 49 43
63 13 28
75 13 26
39 99 31
70 9 49
84 34 40
38 95 25
52 19 26
5 35 49
0 95 25
68 53 37
65 80 18
0 61 19
51 58 20
98 9 26
24 96 13
19 57 35
23 43 47
80 28 16
35 97 19
76 33 14
99 27 19
22 26 44
20 22 33
72 54 32
25 8 29
16 23 49
80 67 20
80 90 31
46 97 15
99 25 27
32 84 25
39 75 25
65 58 44
32 81 46
86 79 24
93 32 26
0 9 14
2 43 32
53 67 26
23 18 21
22 84 19
67 6 34
71 88 30
94 73 21
92 59 42
66 56 26
4 74 39
78 24 39
14 98 24
83 33 48
13 21 43
66 8 25
35 99 42
97 10 19
44 75 48
75 25 22
89 4 18
13 95 18
56 57 35
98 45 15
35 32 27
52 63 42
19 38 30
76 15 21
76 60 39
38 82 37
15 14 38
47 35 35
31 99 19
84 61 46
28 31 46
92 80 21
98 84 22
22 6 18
49 73 24
4 41 14
41 64 34
8 11 13
43 82 44
10 47 48
4 34 43
11 13 29
15 58 24
92 58 36
12 42 38
89 51 22
12 83 40
65 24 47
41 71 22
93 43 17
61 22 12
54 27 39
39 72 10
46 50 25
94 14 43
37 61 31
22 25 12
20 75 23
98 49 16
25 89 13
1 62 19
95 46 44
43 89 16
88 31 23
27 48 12
50 39 23
78 27 27
82 36 37
25 30 26
48 15 13
98 97 27
48 56 20
58 75 33
3 78 41
25 81 38
41 5 21
34 23 45
41 12 20
53 80 10
93 97 49
55 94 19
6 13 45
21 62 31
80 18 19
97 17 20
35 3 16
15 97 40
45 24 14
49 42 29
97 43 38
25 10 49
31 97 30
65 84 32
28 41 16
2 23 43
27 80 27
65 19 29
45 1 12
18 47 14
85 46 37
34 25 16
82 14 23
77 47 39
34 62 31
49 75 47
52 51 19
1 90 34
44 99 34
63 34 21
21 71 35
81 89 34
70 48 31
5 80 22
71 96 47
8 61 40
36 78 32
68 44 13
0 90 23
93 70 28
73 19 32
32 90 43
30 20 27
18 58 44
80 2 26
0 98 33
78 87 29
47 50 35
0 75 44
77 46 31
31 9 31
9 63 24
62 98 29
19 40 44
93 1 45
77 49 42
45 63 41
77 96 15
33 41 27
39 53 26
83 47 18
54 74 44
36 84 42
70 65 39
57 1 16
86 49 39
46 9 22
94 35 30
26 7 42
90 17 27
14 30 48
77 50 16
53 40 20
75 8 25
67 28 10
0 31 28
65 21 49
99 9 29
59 41 13
27 60 35
54 95 42
74 64 34
19 49 49
54 42 14
11 15 29
54 23 37
83 10 46
74 14 12
76 26 42
73 61 15
15 30 20
6 84 42
32 44 49
38 72 12
52 90 32
0 43 47
38 74 41
56 94 36
20 7 27
94 59 25
74 22 13
24 84 25
46 92 31
57 92 23
15 23 41
74 5 31
52 97 42
19 27 32
91 96 42
62 66 37
1 66 17
30 62 27
50 71 22
65 63 49
73 70 31
34 54 33
48 17 36
97 6 19
33 80 27
5 32 20
25 14 17
85 56 38
14 85 12
36 24 48
56 26 40
68 21 26
41 6 46
29 5 24
89 22 12
59 42 23
29 17 39
30 66 47
82 48 31
85 50 21
44 81 13
33 35 22
72 14 34
50 37 37
70 77 36
10 61 27
35 25 24
30 43 35
12 45 44
69 4 28
41 13 34
90 3 17
0 27 11
48 77 12
52 81 18
86 5 29
11 86 14
31 12 25
46 37 17
88 34 49
66 34 16
24 52 39
31 67 17
52 2 12
64 11 13
93 29 12
96 39 17
45 86 43
72 79 49
77 42 38
54 84 14
73 16 12
42 70 42
75 78 30
85 35 39
14 93 28
99 88 47
72 63 46
64 60 14
89 76 33
16 55 24
12 48 30
46 72 32
94 28 18
7 85 25
83 28 41
85 99 29
65 75 21
3 48 48
11 49 28
13 42 20
48 57 14
24 56 17
25 60 20
55 28 48
9 67 21
92 3 22
97 74 48
54 19 46
38 65 13
59 46 36
13 71 42
40 9 48
46 10 21
72 42 22
16 45 29
6 87 39
84 43 20
95 8 25
84 77 35
39 47 35
51 81 32
76 17 16
88 89 10
16 63 40
3 54 23
78 52 33
35 72 19
38 84 34
78 35 31
99 42 37
1 28 37
23 1 28
98 72 36
24 26 47
67 7 18
92 70 47
89 21 11
62 19 16
9 41 35
62 41 46
73 17 35
27 17 27
59 17 44
30 28 46
13 59 40
0 60 24
13 87 27
91 11 42
41 0 31
40 85 13
30 70 19
52 75 13
80 55 19
50 10 19
85 27 43
65 98 24
33 77 42
97 22 44
30 63 48
61 51 16
88 86 23
15 85 27
88 42 34
6 86 10
70 19 24
36 48 34
68 50 39
51 56 17
30 56 41
42 78 25
54 98 14
73 83 18
33 13 42
24 63 48
31 96 14
38 78 24
67 81 14
62 35 31
37 77 16
42 79 36
40 18 34
10 53 26
17 11 31
19 51 35
73 72 27
49 41 17
88 54 49
94 5 20
9 72 11
69 80 40
9 22 26
9 66 25
81 29 17
13 70 42
7 3 25
47 46 24
3 71 26
61 57 14
63 73 31
71 12 49
0 4 21
30 78 27
94 27 17
67 59 14
78 65 18
44 47 21
60 69 28
60 87 22
18 77 35
62 79 27
17 22 40
3 69 11
50 21 35
57 53 14
4 28 37
78 13 12
12 20 21
70 14 28
93 73 14
0 53 14
88 38 18
4 91 30
55 60 29
19 2 18
33 21 22
1 83 36
40 66 32
33 62 31
37 82 33
24 99 45
20 87 22
15 42 44
40 70 23
67 86 30
48 24 40
82 12 31
68 83 33
51 11 19
39 52 35
89 45 10
18 78 28
9 14 18
9 50 12
90 6 45
80 14 22
20 34 39
31 58 47
37 99 33
62 76 49
8 71 12
65 56 37
20 55 10
54 45 24
51 55 49
36 81 18
19 12 29
85 70 27
93 78 32
32 85 42
45 64 10
47 66 19
98 48 14
48 25 37
16 67 24
65 5 34
65 71 27
57 82 37
48 76 10
52 44 28
51 0 23
90 11 10
83 52 46
56 6 31
10 33 12
61 24 33
81 70 35
89 78 33
65 30 31
10 71 10
59 15 25
37 12 25
74 56 29
74 84 25
63 85 31
85 45 28
37 38 25
44 8 10
91 52 38
42 98 47
13 36 34
85 60 30
23 71 48
40 94 39
63 96 17
72 6 23
76 41 15
26 64 35
45 35 10
62 89 15
41 32 13
27 22 15
16 59 48
81 76 42
48 45 28
24 89 10
32 37 25
16 57 13
33 6 26
7 83 38
26 47 13
15 22 41
11 28 45
58 21 33
29 43 16
59 44 19
9 82 43
7 22 23
13 88 11
36 54 23
23 32 12
24 12 36
62 16 44
61 64 10
2 20 25
97 23 11
20 56 23
60 11 30
26 82 28
58 64 16
43 49 36
63 12 24
65 41 21
32 42 34
48 69 16
71 90 40
83 92 26
16 99 23
3 55 43
71 70 42
80 34 44
95 29 39
3 8 25
72 31 31
93 95 14
83 57 23
72 3 40
48 30 39
98 87 36
45 3 42
9 6 13
64 59 38
54 5 28
53 89 47
14 40 39
91 87 35
69 27 40
14 79 44
